nodal_grad_1: 0.00013268851394670152
nodal_grad_2: 0.004742789174192745
nodal_grad_5: 0.006291075618775261
